A: 0.322069733492811
T: 0.314661475155537
C: 0.149941288086396
G: 0.213327503265256
