PROA:	0.322069733492811
PROT:	0.314661475155537
PROC:	0.149941288086396
PROG:	0.213327503265256
MUTR:	0.0090117
RECR:	6.96
